16807
75249
50073
43658
8930
11272
27544
50878
77923
37709
64440
38165
84492
43042
7987
22503
82327
31729
78840
42612
44303
33169
17709
97157
29560
70933
93099
80278
51816
95335
99097
7826
13512
29267
23810
77633
80979
79149
36579
58821
11967
10672
1393
19336
25485
91745
25228
94091
40194
86357
35001
21153
16708
57944
15668
71490
88124
2196
9530
60903
27722
54666
28549
18024
97801
6853
40977
47408
8228
74933
60298
38981
28635
8013
23865
89814
39063
54536
39425
1669
24115
20094
75629
46501
46517
34195
30105
10404
19451
94298
82188
21123
99505
46882
6752
31566
36716
30337
54438
53144
51501
44897
83871
55828
11137
19358
53177
82397
22294
77904
21609
46231
59745
44175
53635
66298
98142
80399
27968
90412
260
73557
41594
88008
16395
25968
19113
4530
71006
10962
97942
85365
42082
79852
30767
33821
85695
24712
73671
59901
48590
24831
14738
53057
31616
19790
55640
10679
37335
77006
97972
36098
49095
75319
83454
45223
12289
56760
48905
86126
36123
29506
45813
76770
35238
29094
96220
87844
12366
40534
25226
15394
41363
18738
7844
59590
36550
45159
8623
64947
97385
7217
95272
55539
99247
42385
13496
94885
40623
82420
28144
31968
35735
99915
61625
63534
46042
96011
54679
24152
75244
77295
78818
90396
87692
1815
12991
40033
22669
19397
89553
10547
75825
21210
29662
30211
33808
73377
22761
625
37335
1868
77995
2776
62767
97439
29874
89331
40556
56301
68872
560
20094
18984
13755
39789
51407
28015
30193
22769
15680
3455
16855
67506
70963
33502
86676
63108
63249
2331
77844
87638
60808
39997
28651
54849
45203
95731
96531
98014
95419
36775
42009
30180
87929
95223
44054
88260
76737
91545
47317
37525
4200
34256
21564
60597
6648
37704
25550
25150
41976
1412
38554
82797
2504
48381
34748
7065
59378
47699
78209
25129
78553
65483
50447
64607
80773
45322
64305
55176
70053
27224
84630
80366
5400
60444
95370
70285
83016
93898
8155
41133
15557
96576
53178
58266
87357
21711
27878
20614
74819
95737
83133
20591
23720
48762
6633
76197
76031
38588
60589
54873
98877
37304
79358
61200
77254
68960
14915
93947
45480
7730
69955
74546
37107
41238
40000
84926
45035
74857
61113
50114
29593
1360
98354
68418
25357
42585
13729
21015
76563
6102
60917
86643
19419
62967
47747
45269
55395
23303
4473
19103
11748
24385
5658
63459
45406
73930
39824
85132
973
59603
46897
7920
3950
35231
88480
20203
13900
24520
62533
81258
17003
18676
20950
23934
58780
79879
41832
82574
33549
74542
6249
52771
66310
15879
983
69970
92040
82723
73650
2971
53229
90318
17746
10299
87230
85621
70776
50124
68244
76958
47696
66771
29064
91560
56598
18751
69940
64503
89551
92801
27205
15080
80418
59274
59649
40413
83320
19025
22012
1783
54788
24117
24008
81550
65324
19195
51257
24511
35690
38666
62410
60593
90553
9565
90960
28742
51403
54352
7307
56141
44910
13200
92799
43127
20171
57787
34414
31625
16641
19517
55348
1842
14315
15974
81445
11373
72220
39911
9239
45054
41305
56929
82253
54189
15166
4356
59304
59860
45898
5592
1720
66116
51580
98867
49352
26939
78698
94901
60811
16616
56891
48671
31728
26671
51661
77045
3120
20240
17158
99453
69627
85350
53711
35563
29594
7533
1727
7827
98795
19531
37442
51516
85006
78515
66924
42601
27097
68661
67103
34324
80108
44936
2281
17015
43710
63216
1905
75973
67781
82720
70791
81169
97865
15827
29536
16728
57125
20384
80167
89949
476
16046
21576
68666
77467
60520
27384
41991
25210
33258
28211
68744
19518
85718
21934
66825
80767
58689
49818
73014
11825
2918
58028
33029
78034
6727
51240
33754
86540
8396
90935
3083
48048
46865
87011
15252
53064
77876
17237
32675
70245
82710
70415
28192
24710
54747
63037
1299
68447
49715
41693
59579
67129
95164
33979
53501
95525
10289
74958
14033
11800
65089
87670
35217
80846
21038
9543
40338
85936
3321
97719
36496
91247
43788
28359
25987
45035
65235
83912
85684
45989
83784
63734
22667
519
72615
67045
65976
26661
65825
82819
71631
22903
72698
36798
92639
14004
9503
679
48765
7391
4107
64924
14365
57121
14454
77106
27450
51703
30832
71032
32141
61654
81977
42217
53900
57289
73465
84747
3622
89879
59317
1516
64048
82762
21029
49039
52708
5903
2657
10761
75752
61466
8621
44557
6996
26955
66930
21494
45555
92221
29312
2293
31427
42232
77444
34791
2198
49152
44856
73570
64303
27439
12914
35799
26766
91835
81921
46043
22752
74086
89719
39150
68410
18623
44669
9605
49943
37311
22431
77992
39816
38699
86971
80639
1370
25836
79891
82857
94833
83328
18177
74410
17683
85176
23489
72091
70434
84711
26904
91026
64891
10790
522
59364
6890
24884
16813
41441
7127
16179
85784
94537
29870
87561
32581
74165
45802
57732
67332
47854
59759
9847
72377
40462
79010
43819
98150
13377
941
43836
26720
32299
96112
34759
19956
74390
36152
30048
95014
59044
14918
40150
50101
41295
19821
95731
44501
28245
54961
46057
3510
93928
50805
62173
82137
9669
39096
4503
47421
18675
78518
24300
76489
40262
32054
68263
58643
24889
45250
76735
69415
31364
52494
50963
67758
85652
85092
57316
66714
61420
58060
7450
63368
78741
91847
99196
4787
2501
88234
93128
70571
77448
87875
17253
41871
69329
62293
33719
73471
38820
25764
81079
42630
94410
88080
66113
63342
98138
48382
46044
98828
98393
63575
980
9000
45596
5947
67370
66087
6543
52733
62852
90261
76824
54400
82380
70778
71857
73423
59498
67014
52845
61662
68509
26610
96849
9218
19290
75055
85743
18555
36385
6534
86275
77321
11151
21226
75251
94459
32783
16714
66437
37879
7698
14100
83137
94285
45878
18284
70342
64915
45960
63067
35140
10707
43566
20728
562
66363
41969
42890
12623
22278
17313
45761
27010
34840
76978
46000
7394
34507
87656
66551
61786
93431
54544
80739
8776
7584
74252
74108
75514
91454
95019
83028
66671
92370
56663
67947
84024
24543
16854
6008
14981
80552
86288
68163
8359
11019
55379
95356
19461
8487
8353
43899
85788
94244
69880
82466
38283
65274
236
18909
98567
21834
47939
69684
69651
89549
9266
47467
110
19589
86327
97773
25581
89295
7936
37874
45435
58231
66972
83028
19798
39070
74587
66297
69089
2646
29090
58111
66612
57463
72112
23781
51951
29230
3321
53213
55128
71950
28600
88959
49754
89992
55194
3330
48632
53559
58777
67779
18632
63272
86383
39081
37153
32622
98521
97956
9818
75591
66900
196
74120
62704
33599
7129
27144
59175
40870
18416
4599
47080
74618
64288
79452
48128
52800
87662
44840
79149
86385
66583
24515
30659
14878
45959
18561
68382
28048
84054
49440
51381
18770
2028
40251
67544
5869
17595
72469
22710
8172
5923
52125
56219
98850
61431
11243
47846
25869
66670
41394
94610
26392
31064
9524
59361
39519
93620
81562
71661
3725
79434
5949
22090
37322
86260
60093
59928
85122
16381
26366
66468
71023
12722
66639
63517
8793
69364
59178
61956
56771
88341
51355
60836
68489
79728
67120
74902
10312
39616
33347
53946
32851
2672
25811
46523
91736
82605
29607
80633
87866
91553
41412
97925
14040
59153
34257
21733
88295
88139
42251
61258
92694
94160
51138
49929
19875
4598
94292
25633
14562
43276
93236
90646
83873
29464
27484
42192
54119
33842
99328
78859
262
44145
5716
27127
92172
8748
44000
74370
61398
61292
89545
8928
12300
92143
52192
73563
14783
44272
69801
84009
46221
14486
24513
15769
32531
45357
45819
49486
46856
39816
64254
9754
49814
62615
66537
62966
47297
58877
25760
77412
80191
38231
54174
12463
14877
80324
94784
27833
6750
59527
44999
77429
99609
12144
55364
72451
32812
51979
24134
32407
93583
67600
14259
88310
753
15891
79321
73225
65253
13929
36096
30553
30661
84858
27491
22963
42920
40768
81687
16526
55472
35219
55641
38204
82951
88092
58445
81370
49474
41962
96176
25317
25826
58413
23344
62571
85979
51035
68129
57288
59848
978
5617
17723
47838
19508
88929
94926
29968
71806
25199
32255
59829
23276
3488
27896
2819
61864
91137
92416
80318
4491
80683
18398
91120
19748
89961
5651
11018
75977
79946
18661
31478
12228
25063
25235
71506
91308
78968
55679
4119
7323
49677
79392
78953
56978
51853
89295
8271
48475
40204
66962
28032
8819
83531
34035
9468
52468
52610
50234
67270
6778
6265
69045
43279
89075
75327
12687
25363
59037
75766
74534
3083
18675
26184
59555
44156
17399
63664
52093
57886
20633
44924
88047
194
71330
36767
25665
6910
31682
56805
96314
79652
76241
73585
37591
97806
64760
17960
912
10403
63430
1085
14200
48585
84467
30484
3988
55200
95686
80100
45495
28199
61102
4428
67183
93917
7136
87802
74489
56578
39725
20789
46722
60595
40605
42319
38691
20721
17774
98514
69862
75706
71283
34626
16419
23801
94330
97644
52375
23258
1462
3131
46736
60720
8308
61024
86947
80508
88411
19397
56000
78314
61896
33999
95645
92533
14962
80539
13754
58821
94286
76536
10
14662
78173
14493
6635
74988
84571
6838
4821
64891
98413
50560
89957
44092
58743
89775
32768
30413
415
16636
19891
23347
54369
54832
24134
28928
95143
40879
10906
39054
25807
32537
35203
4421
27447
51034
51949
19416
67759
81938
78550
35183
52186
81096
59685
70524
97922
60363
29181
73012
33251
72202
35495
61536
33454
2208
46980
8031
20830
32095
66714
13112
12136
29937
22009
15685
42919
84381
69610
99908
11609
99439
32867
96119
11266
74999
44520
74515
42577
59922
97142
3980
35881
26885
10030
56325
12436
46994
43945
52602
23233
28480
63456
92834
76517
98881
8781
33458
62805
74992
74160
48651
16201
8542
53944
49635
7555
21872
57443
47322
37013
78441
84781
85779
69518
47160
61729
64955
59082
29364
3032
19313
59195
34328
22504
19855
37711
3881
11610
99904
92551
77616
96761
48864
45405
32122
65113
4943
48636
85118
52994
52188
53743
17639
74502
70343
55070
36219
48212
3317
9932
27782
74097
47859
47073
35590
44819
44010
80911
53015
34978
28542
96045
48270
60562
3008
73983
31099
40709
38213
18550
42951
54665
3502
51617
14953
35299
17916
7584
11869
67442
23503
41515
74329
7257
13382
90264
9352
5154
32526
16027
78755
49259
2952
7386
67422
59129
43786
95549
41879
29198
78890
98603
14686
32443
68827
93585
198
88587
70817
34031
73476
67461
31563
50214
6383
86832
29722
25511
32791
82871
6142
64733
31553
78030
22380
78704
64915
98887
37110
66681
11558
48786
11433
4040
62659
21936
17562
76938
49754
54526
33526
29712
27595
98621
81177
10341
69158
83054
6020
77197
64727
32451
59462
10332
22937
804
46057
54405
907
99943
94258
56539
17343
83697
22281
32965
81457
75605
90117
68412
85624
90184
61459
20299
42216
14740
96851
87846
92922
76893
38615
58049
51361
93649
17231
57796
26123
50696
87444
95250
96238
72431
59359
15935
21265
77801
18387
32437
63948
15120
15424
23894
42775
27903
34989
16286
90845
34143
57257
16332
13261
85578
57104
84202
57031
78220
84686
78630
38643
62367
5648
3844
97317
29749
70125
41273
7863
45416
46680
15348
60979
50957
86814
52705
72189
33307
94905
74527
13614
83715
79308
98897
69449
97495
56029
9026
87866
84398
58985
46662
77518
98853
70579
16203
13383
10723
30559
53221
21174
79034
22675
40702
89436
63279
42915
94750
13013
88850
72492
2948
84083
82981
25847
43208
32706
10178
42306
58267
4114
33910
84470
27358
28617
24946
22304
77656
49663
33637
49898
91734
48656
68508
53012
59113
96280
76724
79104
84613
52073
39962
92979
64377
48269
91147
5631
19753
25633
38739
52520
51194
77597
89424
36871
84958
93320
88948
28018
37401
20517
6392
12613
23580
91356
87940
88594
3868
35670
82463
21649
65134
76425
39871
91891
85650
81217
30010
42654
16525
63901
5494
96392
98034
24970
92546
56187
36121
31565
83589
12971
54865
71160
12110
40775
28109
69694
23323
31534
18474
34414
55494
40423
46875
73077
21357
25627
5222
85574
90172
98839
24039
68183
54417
50530
33890
82606
94896
2012
85895
31938
17516
5321
69684
39227
95578
24460
61972
43487
43635
11581
50526
39194
62030
51295
69258
33419
82212
63443
92312
68706
26628
26593
63926
31226
82726
42733
72981
95296
29392
18061
59009
21377
96124
50522
14240
1052
17815
55180
71292
57151
6052
94973
24677
30417
47626
12465
26261
22739
20849
25007
17719
52430
10376
37825
93581
8327
18659
13497
1193
58225
64829
98822
51348
32553
60879
69468
56227
37424
76431
74277
76406
80500
21272
31601
53930
30698
99077
14549
27294
77127
23652
59
19577
54670
38151
7224
97084
5020
75015
5219
54177
38695
86895
25664
85600
95118
5117
13723
81617
43754
99568
38587
74575
4913
38122
4157
10716
40582
60142
40962
68008
98440
37305
21170
17406
45201
88719
51620
52962
30317
57135
31752
60894
63235
84610
10831
84363
51851
3847
55451
41110
45549
89447
26234
71748
49223
68088
86771
60932
8959
87256
75345
74702
59723
72889
51819
27494
34886
37107
17392
52500
84946
85401
29365
32744
2756
34474
97917
35775
83695
22866
6864
76491
90791
99940
13756
94059
19897
78097
75309
95563
46022
69085
76899
93519
71720
7392
50148
34053
95776
62876
76833
33797
95193
82903
8008
24374
86766
16303
36630
67581
69186
3725
67669
36425
75158
43185
52399
25421
83114
10260
95056
34872
10053
3853
75775
54581
89555
16162
45048
82745
99452
40470
1631
98400
52263
29547
98919
77370
28201
83959
98582
11579
38996
76029
63501
7656
50930
65581
66420
96362
82151
94045
93170
88454
85157
25093
48015
69808
53861
13966
91173
41878
93086
87030
13052
48026
74379
69710
23432
21951
65772
43301
30187
18879
95608
37537
97036
96202
18478
37123
44088
82574
84509
23596
15123
68762
78123
37846
23879
44155
61674
78722
51431
68657
4971
96579
66194
40527
4656
86036
58216
78347
6813
36584
50257
15860
51557
2600
1236
31513
27533
26475
48910
36162
53266
3806
45108
67507
62173
87537
67896
50055
23224
64466
45408
66833
79561
80557
43571
36576
76114
25914
41289
15735
91859
12638
8694
88460
52927
68343
50842
18455
52121
95711
43580
81612
8809
35690
5483
21545
48438
72434
80938
22764
86481
92840
4550
118
41175
93598
78274
80687
98842
5588
29820
37782
49805
94734
49220
68046
37903
34620
38850
66975
35362
42342
47070
2438
69142
8115
64735
27177
38734
82267
39874
57580
17390
80696
63006
25881
16043
32272
21355
83638
41975
60620
47375
1986
18197
89305
40537
72595
14783
85495
20176
58883
25082
99827
99151
42599
15305
8951
76377
54006
23790
79595
18396
53661
28231
32725
80606
84379
90470
94024
21357
59122
4053
81473
75280
14503
35083
15934
82582
59857
79563
98041
4637
17829
74687
52786
19951
56094
11622
29630
69630
63154
31506
63219
74717
96483
49139
75913
71692
90639
96144
20068
18083
6429
11865
79805
33387
940
92287
79197
46679
69568
10363
78900
17999
51447
21501
74488
97205
90320
26244
63572
53076
57430
69319
58969
52988
1629
36152
11132
24558
48607
51681
24562
33216
4409
69245
57548
13685
23708
813
92867
48105
39614
49654
16335
98470
56163
13979
46958
80039
24059
79945
48523
53748
2744
95177
66737
27491
79042
498
79777
12004
34382
25556
175
83133
73210
21292
670
24270
72953
5353
49328
70128
35873
91082
93771
49300
16405
73455
7621
25384
28934
95847
58328
12488
68785
84308
86158
32774
22923
8261
23872
23924
93335
96389
42856
13344
74998
37747
67895
43967
87383
74576
15943
60836
30537
92146
24362
99757
69942
89596
22903
28381
45281
79294
93788
23804
91655
90687
1983
42217
35565
35293
66256
29938
21851
19487
54190
12680
23832
53526
66429
8707
73414
57617
19925
82638
47526
19545
51357
56125
42307
93879
33551
61641
51959
43981
74465
76325
12494
93893
3064
14563
95429
25501
6872
76940
78053
14329
72232
42280
99359
85474
90040
78776
5589
87704
50018
34968
17486
91266
60662
66374
17698
39821
88027
4415
84227
29841
48409
50158
20935
3765
64761
37761
92832
30272
81219
6194
48803
65254
58131
516
72304
27683
87474
15113
82411
55544
45708
1759
63805
74672
23792
21172
90215
75229
83513
77143
81480
56509
58305
49184
65049
59511
51209
18383
848
15785
94307
70760
31580
32989
72063
39733
28566
38585
30200
7585
94442
21174
71391
38663
94893
23303
48198
70363
57761
63991
70177
71089
797
89829
93712
569
75860
66531
31465
6711
47513
18096
50
70804
1123
80888
23722
43820
75816
68365
68377
63372
52612
50380
44076
7900
97041
62618
84475
91919
45943
70763
22781
2058
23582
85467
6152
12551
16461
5895
21617
62429
69627
76991
92286
45460
13456
54992
79001
43239
76411
80384
51970
83513
82670
98308
83985
86120
39357
67245
77297
30879
48199
59702
29783
36167
88419
95969
40137
89829
67799
54618
17218
68805
10815
63837
18315
57129
23024
59915
49966
47472
44496
50160
69778
74279
70371
85324
5445
60780
55577
76558
13954
52115
54608
49621
44608
21945
51852
36095
84211
79010
160
43282
60910
98282
22110
92301
89860
59635
18020
12684
96006
46605
72708
65777
20624
40049
56993
76544
99416
91624
27081
77061
41985
55638
24203
47507
56022
47013
95295
84851
54183
85698
17857
47800
90356
21089
21801
74499
78010
26674
98295
11528
79691
64647
2581
13293
92520
56168
52415
77476
68524
13053
94764
82487
55795
88519
42693
54806
9505
92231
85378
41349
51230
4209
83387
14632
90974
42984
87270
14553
12911
59388
43164
59938
64688
80607
52662
21158
12816
89175
8977
69492
85377
22029
92290
69860
43751
84027
26521
91439
35740
93364
95777
49136
81005
3011
11684
40655
32975
93159
81539
42649
63899
42172
21974
91990
55466
16742
26222
93021
83460
69834
79447
81293
10417
4101
20365
58248
20774
82332
34388
98765
89258
59002
5310
20719
36310
82437
33992
50736
90848
34008
69750
50933
60319
37
92632
49694
55593
36010
12811
75905
53458
23207
58553
75574
84664
91907
73802
90814
84869
55439
79514
81087
8595
24448
4067
27313
71867
96560
82253
7670
28883
74956
96368
40226
53400
45322
95437
65199
25571
99896
9417
29341
84158
70435
78888
72471
77873
70107
91920
56292
4193
44552
24189
53013
34828
77603
56198
20417
43550
61988
66546
1043
81365
99688
36811
1766
46443
47638
52004
21167
757
88122
13046
49331
96703
74120
74027
81464
46951
38205
8729
97842
88416
12188
37150
86685
79302
60673
78045
93397
20115
51252
94388
10386
85528
89717
66622
80723
88326
93196
69661
37079
57884
50842
36890
89597
20628
12311
6343
55544
7452
33925
27238
28072
98387
5457
81515
74327
59761
40782
92977
43144
29228
31813
48535
13901
95239
88723
10323
38964
10991
11458
67959
15343
53748
35527
5452
55133
44008
25541
8121
69899
38469
26730
25381
63576
93213
49507
37154
84398
45469
52415
12680
93647
10827
95475
15788
3186
77864
12247
29706
34038
82627
20702
59331
24079
60757
21146
14727
42440
72738
34441
4842
98502
95465
25369
38011
63908
43502
41843
95373
87080
69836
93002
26564
65970
81401
5587
54040
29108
75955
30205
46787
74414
98401
49665
39999
12159
457
61390
31043
16882
95482
22903
6239
17184
94261
68604
34432
45027
55784
46524
4856
7414
74707
4948
59608
93904
34987
66835
46732
61136
61757
78525
6564
83954
44328
42233
33623
2230
73244
7370
15132
11304
80285
84679
76164
17655
97126
92679
61410
76720
80590
73501
99224
11349
67967
48802
50710
23504
56763
27160
33964
61928
89927
10101
21600
68382
86544
74985
10069
14823
44855
46768
91678
38927
62869
8274
19421
29237
42557
17320
19789
24812
10242
26683
75802
87541
43152
25067
22987
16288
45107
25033
78832
87281
93503
93232
73427
75750
83985
74970
30019
15023
21865
8574
14217
43818
69793
98200
58534
26791
13357
10119
545
91793
46612
83079
50969
7518
55830
52498
83549
53657
17190
76768
30808
9426
84872
76652
60117
64993
5611
67441
83731
40707
15268
60763
76801
11922
737
9258
26978
55046
51194
78163
73583
71910
7084
38773
33787
35232
48769
21307
73762
94484
26148
4135
44630
31698
78594
45626
17050
76134
19815
45068
4591
32599
70371
41569
7601
27396
20410
12873
33592
13011
1128
70900
41512
2379
86539
67069
32851
8414
73864
46884
79611
24644
24991
9127
54441
61399
57397
72495
40006
21291
98911
49538
97882
59453
28318
95123
97003
25980
37808
76873
79937
34180
99899
44293
88249
90143
41818
71946
25075
65775
78281
18776
30330
48335
52128
7448
96197
98162
73661
57247
74337
60814
85195
66630
28807
87856
23325
98343
79666
10015
32850
51142
33075
523
55865
70012
90029
53380
12973
14157
12556
59223
61353
20006
50952
51376
11362
73938
16211
77266
94294
54309
59682
27396
96009
9296
13644
56735
58765
3658
17003
83903
49404
1846
82955
65950
66175
53627
75963
80152
63711
19784
37987
64116
15277
85251
17290
50683
95220
11999
74790
20242
22311
6836
85262
67660
1269
34714
2278
41066
12957
9899
18850
12019
15298
6643
45968
8176
96501
76046
35488
17720
12481
29249
15711
68347
84844
18476
6796
6078
98256
68236
5662
75639
54639
86479
10487
78266
63100
1606
32091
356
74898
73346
76870
61633
79001
3590
14384
48058
61127
34594
5986
58097
87089
41235
3727
42968
6500
61464
43540
89788
40210
41883
63223
7831
31623
69156
38714
5812
24169
25752
70162
84881
57935
28235
21671
66424
3070
2866
57593
31128
85626
12333
32199
61303
86126
76688
34241
92489
68419
62681
94415
31923
57798
6452
80268
82961
14889
6501
79183
88993
17420
19613
61042
26
77250
32956
76432
42306
89892
98964
70902
67906
52090
24719
64302
8134
18275
85992
73432
49594
2769
19043
37947
66427
6795
96964
84793
39166
42094
14484
28558
33321
14666
56870
76742
35592
93154
71129
18545
94547
59272
89780
58796
11697
246
33540
70106
84400
47643
23781
59414
71775
34217
89302
23892
97011
26868
34275
26137
67798
87432
48737
45766
73586
15692
80504
62960
99459
69615
16395
76385
29281
73063
76268
12564
9078
18425
90504
81115
8526
91586
97740
35723
62908
21550
93059
65420
25097
94079
33018
38317
99157
62030
20721
64051
21071
29528
76022
41599
38952
13256
22749
17076
65704
23648
6687
60633
92014
28657
1059
94210
32276
25800
40016
50170
86072
90555
45442
14786
67914
53586
20129
48283
13587
41587
45731
77659
37585
62199
95719
54571
79269
40703
15653
89596
40441
85298
28148
68237
74226
65021
37928
11994
32563
24327
88747
94198
72931
81190
34890
91330
85723
91617
5129
45307
27183
59539
3374
18433
9146
49489
27131
2871
60155
39036
19479
97146
63084
28876
95874
26384
96385
65887
30545
69249
2900
71986
84308
17413
10912
23527
52950
65642
32185
96971
71349
50854
29968
24260
54596
4759
70673
23298
21685
99948
35619
71167
28104
93133
72429
59790
6094
51966
28031
96411
56269
63758
23399
94757
4745
73423
76655
31775
35220
39676
94975
25085
3768
24592
23567
57824
94144
91786
59190
81113
89325
41238
22743
86703
10312
43611
52896
5872
5063
25896
30827
32365
20703
219
49243
87871
35600
87249
31529
44738
35797
71965
50916
40443
45779
16947
69648
37177
77148
76580
74560
93138
27992
93761
91517
79076
92588
25542
16145
15104
31779
64469
42675
35465
45753
50715
20540
93169
27
90701
63156
79510
77585
21693
96706
74593
76472
99815
58299
61505
20446
6953
13037
63149
1822
47120
56454
36822
43846
35459
28196
47128
95752
1216
77657
34876
22299
33193
30903
92536
64263
435
24515
87119
55621
34493
90152
95344
22515
12876
22623
71980
55009
96937
82923
11885
70742
74441
72757
84802
78698
94243
24162
39385
39334
51992
57123
94679
99083
31894
97386
19552
32193
72277
43609
99454
31067
568
39598
87150
51052
86854
97432
9508
99401
66190
20141
32344
32194
6287
65174
70331
54937
61582
66296
80881
28272
93182
47433
27256
65236
35530
49415
30070
31311
65333
10546
23445
89520
44597
60826
7912
14
53833
55501
7177
91983
23535
29945
40366
43870
9269
70547
97584
24781
17332
13641
79281
57501
57247
6223
66815
98861
56661
92232
41026
30740
61562
53964
13759
69577
4435
72055
63823
78926
92059
92923
45865
28939
89646
43667
44721
52083
1951
21673
13043
2586
29599
48417
73861
71793
67155
18614
10294
82916
98673
85207
1201
73380
48058
49804
94091
98844
77381
59963
33198
74592
91490
75720
47954
82429
99740
79181
49960
37555
36182
47979
36965
26495
60415
93250
34888
86789
42425
98457
24186
46382
4045
18714
71693
1642
1081
31312
73996
53966
54366
37790
14061
89489
79659
27635
51219
78336
71992
43323
42781
38602
58805
23627
96618
56105
41663
8092
64138
41549
63933
87108
64736
33231
46496
97028
22709
18544
12217
39936
45436
77309
78539
31290
96814
4004
50868
38056
13284
62017
88275
40665
55912
59610
19459
21188
97348
82633
26832
92734
19906
90650
11210
4707
74775
12420
24308
97721
89507
27199
37957
50461
44207
85190
87710
70600
47136
49578
87238
38893
26115
6915
76572
47647
25343
22751
8339
87995
66626
91614
25685
66419
47080
73098
18856
16209
41489
27645
165
41076
82151
82441
93973
16815
46744
25746
43003
35283
56540
20133
15253
15886
2852
83812
86668
50282
33387
67568
70562
95704
19596
64812
76964
98809
15045
40016
91709
92261
20578
42361
33031
50512
15011
88056
31960
54999
39197
98342
64506
53523
11544
83907
67284
82787
10580
20057
60378
40940
40809
76262
38066
48121
35936
48807
40926
4437
73136
56106
35952
46330
31967
46600
91036
63616
63515
24446
76599
51677
65312
10480
95636
53124
48910
50587
14254
24935
2023
19431
51173
89777
56757
83894
31216
52665
18471
54012
26476
95325
94507
24209
46075
91450
58792
35606
68563
81188
94029
82200
26736
42003
53315
64031
17275
69197
50108
61696
99509
11716
10677
86675
69024
64557
40519
35092
85544
42657
79115
94972
12254
37225
58167
17137
57748
3796
84870
63536
31413
60642
88041
9678
22603
50981
48362
50219
22808
36711
53776
96182
32367
92423
23668
91120
70951
64420
50749
56662
97624
14291
96865
75771
56029
68869
84073
2383
34127
64568
988
98011
87230
43624
7957
94639
65259
80660
43179
6624
20477
93686
26601
95865
68032
25747
10362
42291
67179
12991
7000
76687
18431
38623
12718
66035
50310
37224
14219
62557
67292
78264
73376
77905
57336
73431
24366
18492
56726
75920
91677
97404
20985
31307
45505
50412
61806
71571
91218
87894
99781
64069
43233
55071
83381
8586
56062
64800
87619
96141
24479
69109
90185
50379
99582
1980
77656
89019
83494
3486
52959
61122
85463
41383
52330
55728
80450
63599
60065
597
19839
43683
53613
63553
38692
66824
18153
85713
61495
35011
19720
2569
27843
77568
83467
56151
23510
55315
11264
27391
79249
63540
92887
38023
92044
82538
1121
42067
77352
42752
29812
55456
33062
70551
39184
96300
27616
18027
22717
89220
48208
3110
14861
24090
66863
54090
4658
96504
48932
22742
17173
7810
19811
10257
78653
23014
91872
98900
47407
68021
15338
88760
53481
88034
27537
84882
26641
49510
40633
40637
31504
77109
96391
91449
39160
17071
48536
67959
53949
5475
18725
387
74828
21880
98007
30955
82772
13007
45623
40997
23062
93712
11014
74238
87596
39419
1347
67863
18174
70558
41269
25132
76012
20067
11179
50722
74366
77448
14254
21263
15884
82647
1779
24600
33137
90823
99620
4611
16955
85138
23645
90219
97709
46777
70143
57708
42292
4276
81749
40002
37152
71013
26271
95874
53671
89104
29701
12186
40391
54200
44422
71215
60064
27957
24871
79413
62982
25877
61685
42350
6558
35870
854
24409
65605
62210
87374
77791
48458
26066
2977
13983
79571
83715
70733
13491
58258
77221
13544
54683
55318
49173
81585
33440
20484
5027
22761
11028
52006
88615
51173
34014
47631
67354
88612
28932
7412
99139
44379
21112
35757
50818
48401
78047
16035
94187
2325
97993
10059
4933
25853
2407
79407
22252
52093
98690
78269
91033
27935
52823
2276
74161
10418
55315
64649
81779
68932
802
98588
15935
18756
75605
38222
20234
20846
43404
4175
38793
76420
20848
81798
93187
33646
9297
54167
57420
3739
30173
29299
58116
57605
70656
90364
44534
66600
84417
32261
84656
90700
16429
63199
55604
28788
63327
40460
81196
32834
85482
11753
44648
69901
51904
16340
24436
22550
8022
77984
49681
9719
89372
53601
28790
93443
30369
98674
95779
36208
92585
79085
94322
81211
80078
46087
68002
38575
65621
5382
1916
38793
58670
45160
98281
97875
47912
66863
93551
62228
22048
74887
17257
99789
51090
14605
8089
95005
8489
28385
94767
92936
86105
7623
76359
7336
68888
58234
76451
9732
59666
34888
98535
73515
5769
11297
52087
20886
66390
20390
8169
84552
97296
69255
99801
63200
93890
21234
1594
96600
98874
12588
62286
24025
72353
3391
87868
55275
46420
44081
1499
17085
24795
619
84851
42995
83139
86395
94669
44445
67798
63994
62179
10447
80743
99196
40926
50463
90945
71326
71771
66019
60985
29919
21480
91079
71734
62126
93047
38358
4624
70496
28473
20598
21991
68553
33539
49800
70530
15706
39660
90128
10938
10500
65610
90728
25058
85487
40194
85152
68980
64856
67698
27615
14055
61422
50343
3759
44449
85128
12100
89470
49065
39592
85889
90466
8592
47452
74157
71724
11490
35087
84205
10231
74689
66456
79338
64890
95750
84967
29196
97291
51944
35816
10233
45958
19862
23066
16319
49232
67402
72918
81977
22781
97193
33889
73947
32971
58849
5047
8341
53965
62679
57614
2399
28760
52266
11527
6771
20094
22017
9041
87995
20615
47097
45974
53851
76974
80446
19217
96379
68266
55079
93001
11997
4052
61237
55650
63870
55331
68014
60068
78197
34491
29878
80513
49219
82529
37912
75803
67536
60498
59689
31286
94109
89543
63795
37499
86204
68075
49733
27204
21261
83363
12861
76922
451
22061
14442
25162
10488
71685
22203
58874
66518
3056
10296
1278
85511
52537
72536
16389
30760
19220
11177
59798
27818
16997
5480
63138
48735
57062
23903
79040
91392
51276
60474
75326
95734
29364
20147
85643
41892
16876
24363
52268
49090
11616
82796
12053
40860
14957
2277
99558
44365
84794
84538
99130
70913
60927
28011
41851
38046
43948
57582
61126
87171
18108
28678
9273
42705
24615
14642
90722
73190
86918
37284
98250
72944
16269
15610
99197
92902
46353
15460
41342
30891
32056
24157
87636
90689
39026
44458
1657
5401
78240
29012
55567
71548
43213
89423
94432
91375
51036
44571
93097
49654
20141
44521
2137
7572
16481
17846
12936
20632
47445
65691
96624
8769
34641
85181
80218
17183
82777
63393
37668
94608
17390
17520
81747
4606
37315
50041
48939
59735
48133
21294
94916
71435
5270
75876
23196
12963
56140
74491
491
67851
85889
11880
82085
24917
30717
20623
79902
71429
68708
78150
34367
32386
46232
80339
10688
26415
29229
64792
28000
31604
55812
62307
31539
76777
84207
10385
23476
10414
58260
44122
18235
21509
42097
17193
46486
10176
52313
53063
60842
35201
48377
3571
57692
90984
20895
77111
52893
86679
39677
28439
86319
94749
30740
33875
30655
9833
86334
51165
60182
39248
59921
8307
84867
76603
61244
50030
70078
19450
4051
14095
26466
82595
51565
58058
94284
71614
64556
21010
69948
45243
40755
11162
46957
63744
81062
18286
75957
17785
7495
32857
45399
62177
52236
50230
29484
27947
17471
93096
93806
58093
31453
54883
97355
74138
11980
11705
72415
80833
65034
34947
99689
35194
14983
35703
11100
39919
40605
11114
21974
11664
3395
89438
90593
25820
86005
80835
82449
70814
98808
43129
3433
49183
9436
67240
47882
12636
14806
88178
26404
64646
95704
707
21124
48983
30744
96919
22251
1306
26488
59019
16692
66617
78892
32752
41080
30120
48381
29922
86996
75301
16293
69838
71453
80174
76097
94869
39259
64561
49355
60114
98019
7207
65427
